45
0.80415
0.8213
0.683025
0.7706
0.7701
0.7278
0.797075
0.779625
0.7606
0.8047
0.756425
0.777275
0.729325
0.778675
0.751275
0.762575
0.7032
0.791975
0.78265
0.758075
0.777725
0.795575
0.74255
0.7102
0.7543
0.769575
0.776775
0.73025
0.819775
0.7537
0.74205
0.770425
0.829225
0.808425
0.687525
0.755925
0.744225
0.7618
0.79845
0.7412
0.77535
0.7549
0.67525
0.7409
0.78715
0.805325
0.7467
0.783825
0.710225
0.76575
0.78585
0.798025
0.777475
0.668875
0.790775
0.76035
0.791975
0.795525
0.650725
0.768875
0.782975
0.75385
0.741625
0.773225
0.78895
0.71855
0.801025
0.763775
0.787925
0.765275
0.726875
0.7387
0.796075
0.7774
0.786825
0.7485
0.78345
0.798175
0.766
0.7137
0.786325
0.761025
0.770675
0.7631
0.8201
0.807875
0.814075
0.84765
0.75965
0.82185
0.8035
0.81515
0.737625
0.814425
0.773775
0.797525
0.792575
0.8029
0.8294
0.762175
46
0.705825
0.776
0.75935
0.769825
0.795975
0.8293
0.824975
0.746825
0.756825
0.783625
0.789325
0.79855
0.81825
0.759275
0.76665
0.7624
0.816525
0.8334
0.809125
0.839925
0.79375
0.723625
0.833025
0.791775
0.81715
0.78525
0.79
0.842375
0.7854
0.769025
0.746825
0.705925
0.816575
0.800475
0.786675
0.857375
0.776525
0.727325
0.80035
0.80615
0.791525
0.733225
0.81625
0.839175
0.790625
0.717475
0.8188
0.7502
0.6914
0.784675
0.7932
0.74455
0.7912
0.800775
0.8234
0.820975
0.81515
0.7802
0.83785
0.739975
0.8392
0.82485
0.814775
0.80185
0.82125
0.815875
0.6753
0.7569
0.790125
0.80855
0.768475
0.8121
0.82335
0.755225
0.728
0.817325
0.70575
0.774
0.8484
0.855
0.791225
0.831275
0.802775
0.813675
0.7675
0.803625
0.83795
0.8334
0.8257
0.83185
0.82105
0.824025
0.780575
0.787025
0.793275
0.775
0.783025
0.812825
0.81835
0.837175
47
0.783875
0.82325
0.809175
0.826325
0.828475
0.823675
0.79075
0.83355
0.767525
0.809625
0.824025
0.818975
0.78835
0.8109
0.786525
0.770025
0.7255
0.75845
0.807675
0.76745
0.822375
0.7821
0.859175
0.821425
0.832225
0.752225
0.809125
0.794225
0.8213
0.82815
0.78815
0.8409
0.74015
0.759425
0.76045
0.852825
0.8023
0.856575
0.693825
0.7805
0.793875
0.705075
0.760375
0.80955
0.848825
0.7709
0.82185
0.800625
0.742575
0.844025
0.8357
0.762825
0.758925
0.82515
0.79195
0.752325
0.82275
0.79075
0.83455
0.82535
0.82175
0.849325
0.82705
0.84945
0.8591
0.837575
0.82585
0.773675
0.83625
0.765
0.871375
0.728125
0.857725
0.759175
0.824
0.836525
0.805875
0.777725
0.781825
0.800175
0.8365
0.782775
0.84145
0.808925
0.819725
0.80265
0.808275
0.8135
0.755925
0.810275
0.78045
0.80885
0.833925
0.785875
0.82
0.7638
0.815325
0.8164
0.791275
0.7717
48
0.76925
0.8637
0.86485
0.7561
0.764225
0.780575
0.83785
0.82195
0.810625
0.799775
0.8355
0.8103
0.83565
0.821825
0.828675
0.78535
0.834375
0.83735
0.802
0.82575
0.777175
0.79485
0.825825
0.858775
0.803475
0.851525
0.7713
0.83515
0.80215
0.78115
0.793675
0.850775
0.7999
0.844175
0.777875
0.7792
0.817875
0.826825
0.72625
0.854175
0.72405
0.7391
0.8152
0.792175
0.822475
0.836475
0.7914
0.813675
0.77065
0.835275
0.83085
0.755925
0.881575
0.833925
0.85275
0.822925
0.825975
0.8215
0.803925
0.804925
0.8047
0.782075
0.802175
0.851125
0.84995
0.83665
0.832525
0.8413
0.811675
0.773775
0.791025
0.84645
0.785875
0.781725
0.8012
0.74925
0.862725
0.858425
0.7956
0.805025
0.79355
0.842975
0.769125
0.819
0.728875
0.851175
0.8494
0.844925
0.7703
0.865125
0.7956
0.79295
0.807375
0.763025
0.7982
0.7091
0.8095
0.8115
0.823275
0.8058
49
0.823725
0.809025
0.7881
0.84045
0.83095
0.82575
0.817525
0.777275
0.773725
0.81955
0.84485
0.839725
0.809125
0.791125
0.8016
0.7939
0.843725
0.8385
0.790875
0.845775
0.8033
0.834525
0.81085
0.81235
0.77805
0.782375
0.75915
0.8433
0.799875
0.770525
0.833825
0.862575
0.820425
0.81965
0.853625
0.82875
0.84805
0.781175
0.851475
0.766225
0.7987
0.822375
0.700675
0.820475
0.8308
0.799375
0.803375
0.7729
0.8073
0.78485
0.822375
0.83645
0.7755
0.788525
0.848375
0.7873
0.792725
0.833875
0.853725
0.82325
0.80755
0.841775
0.7914
0.780025
0.834625
0.76415
0.8172
0.782525
0.760375
0.8324
0.82485
0.8142
0.789025
0.8055
0.817775
0.869675
0.8267
0.839175
0.8012
0.8458
0.7624
0.851625
0.737975
0.84
0.8295
0.83555
0.803
0.7954
0.787875
0.757425
0.8553
0.827825
0.8213
0.788975
0.824275
0.8403
0.82865
0.82615
0.842725
0.79925
50
0.817375
0.85825
0.7971
0.782575
0.8031
0.827525
0.79925
0.7644
0.84625
0.8103
0.829025
0.726125
0.813475
0.785875
0.8289
0.8594
0.83815
0.82395
0.78865
0.77
0.736125
0.790325
0.829725
0.75855
0.840525
0.7598
0.8513
0.8251
0.85835
0.8489
0.81705
0.830225
0.81775
0.838125
0.81775
0.84315
0.820775
0.82865
0.781775
0.84185
0.799
0.822575
0.71925
0.805875
0.750775
0.8414
0.836
0.832475
0.7916
0.807275
0.814025
0.820575
0.807825
0.826175
0.809875
0.8379
0.808625
0.80645
0.831825
0.82555
0.814525
0.77155
0.800475
0.8454
0.8074
0.799975
0.8378
0.82135
0.795575
0.82635
0.74395
0.7671
0.822775
0.80045
0.8063
0.83445
0.7974
0.7852
0.766175
0.8249
0.83565
0.87055
0.814325
0.827125
0.7657
0.7822
0.785075
0.8218
0.774725
0.793925
0.840525
0.791775
0.835925
0.871125
0.82945
0.81695
0.803375
0.74835
0.818275
0.856625











1
0.5537
0.603325
0.370225
0.264375
0.311475
0.235075
0.238575
0.652425
0.291775
0.305875
0.230025
0.23205
0.221925
0.2072
0.200525
0.254575
0.279775
0.22335
0.669725
0.731275
0.334825
0.2492
0.294675
0.2597
0.444275
0.315725
0.5555
0.6972
0.660425
0.365975
0.45925
0.236275
0.31
0.00065
0.67565
0.242575
0.474575
0.2672
0.243575
0.35925
0.27135
0.234225
0.349125
0.2257
0.698825
0.229375
0.240175
0.2248
0.3054
0.24295
0.284675
0.2426
0.2212
0.24655
0.332425
0.2785
0.28345
0.238025
0.27325
0.488975
0.270975
0.22515
0.28565
0.2458
0.23965
0.243925
0.269225
0.237025
0.439025
0.243
0.24525
0.234475
0.241175
0.70145
0.241
0.365125
0.486025
0.235725
0.2602
0.234525
0.2305
0.2144
0.716075
0.259075
0.2135
0.7011
0.221125
0.0044
0.352375
0.235425
0.6581
0.227075
0.24685
0.23135
0.312325
0.231975
0.59075
0.231375
0.215125
0.23905

2
0.583825
0.592125
0.600275
0.6975
0.463975
0.451225
0.43825
0.690975
0.577925
0.4626
0.6533
0.4664
0.784575
0.7372
0.415
0.5197
0.494125
0.573875
0.502825
0.718975
0.65545
0.550025
0.533825
0.71525
0.356375
0.391025
0.39235
0.3871
0.49075
0.5644
0.763525
0.74485
0.5396
0.477775
0.56815
0.502975
0.7372
0.778625
0.668625
0.40025
0.673725
0.453925
0.387475
0.390075
0.461325
0.466425
0.77435
0.74635
0.54645
0.522425
0.541725
0.5104
0.7668
0.482375
0.5534
0.61015
0.482825
0.35355
0.464475
0.49855
0.766125
0.482425
0.3773
0.46745
0.46175
0.62465
0.41405
0.4592
0.433775
0.4981
0.504275
0.514925
0.48285
0.374425
0.613375
0.572625
0.4846
0.4974
0.4611
0.4533
0.451875
0.46705
0.6877
0.480475
0.75715
0.63305
0.73345
0.463
0.459475
0.673575
0.570825
0.536075
0.45405
0.472925
0.69585
0.400075
0.370775
0.705175
0.572125
0.775325
3
0.618625
0.58205
0.658525
0.586925
0.58465
0.696375
0.579925
0.464
0.57965
0.577925
0.613725
0.304825
0.62845
0.536025
0.648975
0.5795
0.5836
0.625625
0.688825
0.4587
0.490925
0.624425
0.62065
0.6528
0.571925
0.646175
0.726425
0.68735
0.68275
0.570975
0.56525
0.568075
0.56575
0.582375
0.567825
0.5669
0.56495
0.567875
0.563575
0.564325
0.602625
0.302425
0.397025
0.6588
0.504575
0.746325
0.6415
0.55645
0.6587
0.568825
0.426075
0.298625
0.56255
0.65485
0.56515
0.5755
0.30685
0.609775
0.55755
0.554
0.661575
0.659375
0.547725
0.55605
0.327875
0.65985
0.560875
0.55425
0.5511
0.55
0.54945
0.317325
0.5657
0.703425
0.434525
0.549
0.283175
0.548475
0.547975
0.555125
0.554825
0.70925
0.272275
0.761475
0.303025
0.585775
0.686625
0.546125
0.5544
0.666
0.666
0.302675
0.691025
0.6607
0.54815
0.5705
0.56755
0.7438
0.573
0.532325
4
0.540625
0.744175
0.7491
0.75945
0.7444
0.749
0.530875
0.552425
0.751825
0.742025
0.6565
0.75645
0.746575
0.738875
0.529425
0.7416
0.73805
0.531375
0.74365
0.743025
0.7413
0.74315
0.737275
0.536375
0.775225
0.682075
0.741875
0.651575
0.74355
0.74205
0.611825
0.7392
0.518125
0.737325
0.739475
0.73735
0.733175
0.736625
0.73685
0.73835
0.733075
0.736375
0.734825
0.539775
0.73075
0.7379
0.724425
0.733875
0.730575
0.739275
0.72755
0.730225
0.72465
0.732825
0.726125
0.647625
0.2381
0.72775
0.741975
0.714075
0.717275
0.70155
0.720425
0.544775
0.692975
0.542325
0.529675
0.4804
0.7465
0.47175
0.713575
0.6947
0.699375
0.695525
0.709475
0.686775
0.704625
0.58435
0.7445
0.506675
0.6408
0.689
0.69465
0.705375
0.755175
0.713375
0.670325
0.6934
0.695175
0.651325
0.70195
0.67775
0.543425
0.70425
0.689975
0.681425
0.6861
0.682275
0.68505
0.6756
5
0.651275
0.663075
0.636175
0.58615
0.639025
0.6691
0.634275
0.596
0.602125
0.634825
0.632775
0.592725
0.635525
0.63665
0.65375
0.653775
0.6637
0.598175
0.59085
0.6061
0.59655
0.633125
0.634375
0.68855
0.595725
0.6492
0.658
0.6064
0.68585
0.591375
0.6343
0.6345
0.59725
0.594375
0.6668
0.676475
0.599425
0.592625
0.595625
0.6728
0.662075
0.59475
0.59235
0.6928
0.596125
0.597675
0.6361
0.633875
0.633475
0.634
0.601775
0.66485
0.5893
0.6504
0.593575
0.655725
0.59805
0.657025
0.63825
0.62855
0.648525
0.700625
0.636025
0.6409
0.602375
0.656375
0.6374
0.62625
0.610475
0.56315
0.65045
0.6325
0.623225
0.58595
0.65805
0.60595
0.635225
0.5718
0.665175
0.77805
0.684025
0.645975
0.6178
0.627775
0.624075
0.636075
0.441675
0.616
0.651125
0.677925
0.627325
0.59085
0.623975
0.703675
0.67355
0.5059
0.623275
0.73585
0.6592
0.671425
6
0.6637
0.692225
0.6759
0.683825
0.682325
0.69035
0.68135
0.68465
0.68925
0.585675
0.6853
0.68975
0.6858
0.6831
0.6943
0.690475
0.714875
0.71935
0.686175
0.682925
0.678075
0.68215
0.7219
0.682575
0.74585
0.670125
0.683
0.692275
0.716925
0.68215
0.665425
0.69035
0.72905
0.77115
0.69605
0.702725
0.698325
0.635775
0.640025
0.677225
0.754975
0.690575
0.688775
0.6903
0.70325
0.6909
0.65585
0.712525
0.6884
0.6964
0.6831
0.7037
0.712625
0.6958
0.68185
0.636025
0.6249
0.685275
0.680625
0.68
0.713925
0.7767
0.709525
0.67695
0.67165
0.76975
0.594875
0.674125
0.68365
0.700425
0.674575
0.68705
0.632325
0.692225
0.654575
0.632
0.676225
0.636775
0.685625
0.68645
0.52845
0.6698
0.622325
0.6798
0.693525
0.67915
0.657475
0.720825
0.604275
0.697025
0.6785
0.700425
0.673475
0.638825
0.754475
0.7051
0.685775
0.534
0.6737
0.681025
7
0.666775
0.64815
0.688625
0.6563
0.602725
0.737225
0.693825
0.696225
0.690225
0.638425
0.6698
0.66435
0.662175
0.695075
0.65055
0.587225
0.679225
0.6802
0.69645
0.666975
0.66135
0.6447
0.66435
0.5709
0.7053
0.66555
0.732175
0.64505
0.577325
0.5472
0.653
0.67165
0.653475
0.714225
0.70435
0.665125
0.644025
0.72315
0.697225
0.641475
0.65915
0.694075
0.69805
0.662625
0.6778
0.619425
0.707375
0.663175
0.728475
0.662225
0.646675
0.674975
0.6676
0.705625
0.696
0.709075
0.66125
0.7483
0.610325
0.70025
0.6365
0.70495
0.70185
0.645625
0.654975
0.72025
0.653775
0.66595
0.679275
0.671675
0.702475
0.61375
0.7062
0.644575
0.653075
0.652625
0.588125
0.7457
0.681525
0.654025
0.70215
0.645875
0.6512
0.701425
0.673125
0.649625
0.663475
0.6736
0.641175
0.67755
0.66945
0.709225
0.7131
0.6313
0.6622
0.65905
0.689425
0.62495
0.7051
0.6854
8
0.728725
0.631125
0.667975
0.73805
0.6606
0.735175
0.672475
0.7596
0.659975
0.58445
0.660425
0.71855
0.739125
0.582
0.667425
0.7058
0.6417
0.719375
0.631075
0.6653
0.704925
0.6039
0.63775
0.711125
0.7021
0.708075
0.7929
0.7145
0.724375
0.6776
0.670925
0.688475
0.73825
0.6408
0.749175
0.62355
0.62675
0.674025
0.709375
0.584
0.7098
0.591075
0.813625
0.58915
0.72695
0.58835
0.636025
0.675275
0.67805
0.71005
0.700725
0.592025
0.712625
0.704
0.708025
0.708975
0.585325
0.61875
0.670925
0.71435
0.7121
0.672825
0.68765
0.7502
0.595275
0.714725
0.678625
0.7463
0.749
0.51205
0.714875
0.665975
0.7126
0.7361
0.712825
0.66745
0.71215
0.71575
0.60535
0.74815
0.728275
0.6149
0.76335
0.748025
0.716225
0.701125
0.66865
0.673075
0.756125
0.73995
0.659025
0.643325
0.628475
0.765475
0.71275
0.7508
0.660175
0.70835
0.712
0.756075
9
0.599025
0.5893
0.6256
0.585
0.60115
0.661525
0.708825
0.612075
0.5848
0.555425
0.593025
0.7566
0.7208
0.627525
0.68225
0.68015
0.717225
0.65405
0.6309
0.642375
0.639225
0.7076
0.62495
0.6562
0.6779
0.6801
0.729325
0.717175
0.68275
0.6879
0.6698
0.72085
0.7308
0.673875
0.690825
0.723475
0.55055
0.742075
0.626925
0.6562
0.5772
0.666925
0.6702
0.6798
0.72055
0.731475
0.70445
0.7228
0.5642
0.7182
0.6516
0.680625
0.7326
0.595075
0.67015
0.64145
0.642125
0.56895
0.712025
0.662725
0.721475
0.653475
0.549425
0.7133
0.66695
0.58205
0.7223
0.688075
0.657475
0.61905
0.723675
0.740175
0.730525
0.707725
0.683
0.63735
0.6874
0.7246
0.6366
0.7378
0.737575
0.7273
0.70205
0.7205
0.7623
0.719775
0.525925
0.6996
0.563975
0.6542
0.601775
0.571075
0.675325
0.637675
0.546725
0.678375
0.67355
0.654575
0.691125
0.6293
10
0.631325
0.455025
0.551375
0.633675
0.576725
0.647125
0.55105
0.56515
0.635025
0.615625
0.634125
0.726175
0.469025
0.703725
0.66715
0.73555
0.609275
0.551925
0.482975
0.616
0.60255
0.53875
0.683225
0.46355
0.551425
0.56075
0.7006
0.503975
0.45465
0.607325
0.5025
0.57775
0.584475
0.65695
0.493725
0.561775
0.572025
0.668425
0.630175
0.54915
0.348625
0.717825
0.639
0.5773
0.67665
0.71915
0.7701
0.59145
0.68445
0.731525
0.717625
0.680425
0.7468
0.71715
0.59355
0.650825
0.724275
0.6584
0.610975
0.7002
0.647325
0.702725
0.673575
0.62905
0.701525
0.548
0.599025
0.728575
0.649225
0.7653
0.7143
0.665675
0.6434
0.689225
0.772325
0.6744
0.65035
0.722075
0.715375
0.691725
0.6609
0.684525
0.76065
0.608475
0.68175
0.610875
0.6562
0.701475
0.69705
0.6873
0.68405
0.6724
0.63695
0.633125
0.662675
0.66085
0.663675
0.65345
0.73825
0.7806
11
0.7348
0.723075
0.6517
0.7429
0.759975
0.707425
0.72225
0.73105
0.72
0.7257
0.7358
0.668625
0.67845
0.70415
0.73825
0.734425
0.75315
0.73575
0.69885
0.6875
0.737475
0.7042
0.733525
0.731225
0.660125
0.6493
0.714775
0.655775
0.702975
0.67605
0.65395
0.7079
0.694975
0.743825
0.674525
0.739825
0.700175
0.6048
0.7274
0.707975
0.64435
0.667175
0.711125
0.723025
0.742875
0.705875
0.7279
0.7366
0.66595
0.74575
0.761525
0.707375
0.715425
0.671425
0.644075
0.6719
0.703625
0.710825
0.721
0.70945
0.72045
0.677075
0.7255
0.554
0.6133
0.74265
0.76865
0.786125
0.62825
0.565475
0.725375
0.6658
0.730325
0.6371
0.709425
0.6381
0.732125
0.666575
0.7606
0.700725
0.6614
0.712175
0.644225
0.672975
0.667375
0.75465
0.7262
0.68405
0.709325
0.68035
0.691175
0.67825
0.678575
0.6261
0.61115
0.6452
0.64235
0.686175
0.6764
0.609725
12
0.7391
0.735775
0.66055
0.747825
0.8058
0.743175
0.755275
0.729175
0.72405
0.699775
0.685425
0.756225
0.742075
0.7184
0.775025
0.756975
0.680625
0.686775
0.620925
0.761575
0.65285
0.742925
0.792025
0.616175
0.680575
0.744175
0.731125
0.708775
0.62615
0.6615
0.6466
0.695975
0.711625
0.7375
0.7634
0.75815
0.73955
0.73225
0.734475
0.72815
0.680825
0.69035
0.73455
0.658475
0.7363
0.666525
0.73015
0.688
0.758125
0.7021
0.653125
0.66255
0.724575
0.680275
0.68375
0.66865
0.7459
0.68025
0.706375
0.73465
0.73045
0.7405
0.663125
0.72995
0.7283
0.761825
0.709525
0.6747
0.787575
0.7114
0.73455
0.732875
0.74595
0.71155
0.65315
0.730975
0.576275
0.694825
0.76245
0.7849
0.654
0.65845
0.72885
0.681275
0.66935
0.64565
0.617825
0.66855
0.657675
0.7834
0.639375
0.68665
0.7627
0.73555
0.7242
0.73
0.67235
0.729825
0.612425
0.653825
13
0.667325
0.762375
0.760675
0.740375
0.7403
0.65075
0.762275
0.760575
0.624275
0.64175
0.638075
0.681425
0.74275
0.77225
0.648125
0.64195
0.76295
0.673
0.762625
0.727125
0.6711
0.627775
0.7047
0.612275
0.725775
0.762925
0.6419
0.6661
0.71985
0.68765
0.75895
0.743775
0.740825
0.765975
0.73685
0.7413
0.6996
0.698675
0.68725
0.677125
0.70255
0.759275
0.63055
0.758425
0.7797
0.7506
0.7602
0.70865
0.614825
0.747025
0.77205
0.654975
0.648175
0.78175
0.75845
0.7531
0.71515
0.7596
0.65365
0.688575
0.7599
0.761175
0.66355
0.756775
0.643625
0.7501
0.7536
0.6235
0.7603
0.6498
0.773075
0.672825
0.703925
0.6884
0.6972
0.6716
0.764
0.6903
0.756175
0.76005
0.644675
0.652075
0.7456
0.746825
0.744525
0.7464
0.768025
0.745125
0.676025
0.752625
0.745975
0.691625
0.7387
0.762475
0.664025
0.665025
0.749175
0.745975
0.684425
0.5935
14
0.7525
0.672975
0.76875
0.777475
0.74535
0.771525
0.738675
0.739025
0.716825
0.715175
0.73595
0.730125
0.67745
0.698375
0.729175
0.698475
0.695975
0.674875
0.7053
0.66955
0.7264
0.765825
0.700975
0.74115
0.67585
0.7238
0.691575
0.654175
0.6542
0.793
0.74735
0.71905
0.691325
0.745375
0.7381
0.727625
0.735925
0.7107
0.6732
0.71285
0.72495
0.6619
0.685825
0.758075
0.711275
0.721575
0.636575
0.7121
0.7232
0.745575
0.727375
0.76435
0.63745
0.7824
0.741525
0.743425
0.709175
0.6849
0.75965
0.72475
0.6877
0.66205
0.753425
0.6733
0.729775
0.67435
0.7291
0.74805
0.772025
0.728975
0.69725
0.771075
0.679275
0.73635
0.71725
0.665575
0.741
0.724675
0.749925
0.7422
0.717975
0.73255
0.7322
0.663675
0.746725
0.7088
0.751825
0.705425
0.72375
0.731525
0.734725
0.715325
0.738125
0.74145
0.73755
0.7193
0.7333
0.68295
0.738
0.76245
15
0.741625
0.758125
0.6655
0.768675
0.688325
0.760775
0.7388
0.70965
0.753475
0.744175
0.71775
0.757825
0.740475
0.754375
0.756225
0.733275
0.72275
0.7496
0.746375
0.7275
0.7272
0.757725
0.7724
0.697275
0.751825
0.753325
0.747225
0.7225
0.73645
0.691975
0.72485
0.736825
0.668725
0.6847
0.6938
0.7458
0.751375
0.75795
0.738425
0.74045
0.75245
0.75635
0.76005
0.74695
0.699175
0.7072
0.7535
0.6344
0.742825
0.76255
0.7395
0.748475
0.6789
0.7434
0.7516
0.757225
0.696025
0.704175
0.716675
0.7401
0.73355
0.7093
0.768075
0.727225
0.6103
0.6762
0.739825
0.710375
0.735125
0.708475
0.779325
0.752775
0.71375
0.678825
0.7462
0.7375
0.734475
0.726325
0.75045
0.751325
0.734275
0.713025
0.734225
0.745725
0.74425
0.779675
0.763525
0.705525
0.7203
0.6675
0.71495
0.7445
0.719675
0.727725
0.6622
0.7383
0.730825
0.744075
0.67905
0.735325
16
0.758
0.645
0.7482
0.7554
0.736875
0.70225
0.735125
0.65315
0.752375
0.651025
0.724875
0.7719
0.73415
0.75025
0.7467
0.7601
0.768775
0.751525
0.775325
0.7537
0.764025
0.7707
0.758275
0.665225
0.71365
0.6743
0.69795
0.795
0.744975
0.73765
0.737075
0.75035
0.78
0.730225
0.73885
0.7503
0.724875
0.7448
0.734525
0.717625
0.7712
0.725075
0.75825
0.73635
0.7859
0.733325
0.7225
0.72815
0.705025
0.727025
0.74705
0.764025
0.76015
0.743475
0.702925
0.6857
0.76825
0.753225
0.761025
0.743
0.690775
0.74345
0.76875
0.67185
0.748075
0.697475
0.682775
0.690675
0.6775
0.7755
0.71425
0.7673
0.734875
0.77075
0.745075
0.68605
0.735025
0.74185
0.72535
0.755725
0.69125
0.69625
0.733425
0.698675
0.745075
0.74125
0.707475
0.718575
0.663775
0.7761
0.719975
0.7444
0.727775
0.806225
0.764275
0.785125
0.76845
0.759925
0.777325
0.693925
17
0.703075
0.632125
0.76215
0.7617
0.761375
0.74425
0.7482
0.7678
0.708375
0.7032
0.66775
0.764625
0.799675
0.756175
0.698925
0.715575
0.65235
0.682375
0.7522
0.742
0.7659
0.7263
0.779475
0.792475
0.768775
0.719275
0.738775
0.74625
0.7328
0.709425
0.769
0.730925
0.690875
0.776475
0.769775
0.71795
0.697725
0.7508
0.77385
0.741975
0.747175
0.7244
0.737575
0.75475
0.75565
0.761925
0.720225
0.689525
0.6894
0.752525
0.7208
0.7318
0.790175
0.745375
0.714
0.72595
0.7687
0.7071
0.715925
0.763325
0.817875
0.65525
0.693525
0.74835
0.771225
0.769575
0.766125
0.76525
0.7424
0.717225
0.7652
0.7435
0.71065
0.77255
0.77765
0.7115
0.74885
0.761775
0.759025
0.75
0.699525
0.657875
0.721475
0.72165
0.767625
0.69785
0.724325
0.711925
0.760075
0.770475
0.7144
0.78095
0.7225
0.6588
0.7397
0.715025
0.74855
0.756075
0.697525
0.721975
18
0.73545
0.758875
0.7764
0.75385
0.74715
0.75695
0.6627
0.7981
0.700925
0.7513
0.69485
0.681825
0.720175
0.785475
0.723725
0.75075
0.759325
0.793775
0.7722
0.75205
0.7299
0.667525
0.764825
0.80775
0.7254
0.699725
0.7532
0.796325
0.75595
0.66845
0.754425
0.74045
0.714875
0.743125
0.769375
0.788175
0.740325
0.805675
0.741825
0.809275
0.795525
0.702175
0.802425
0.7828
0.772325
0.78575
0.799125
0.774925
0.6686
0.7254
0.73435
0.748725
0.730625
0.79295
0.750175
0.779475
0.79695
0.767275
0.79815
0.78585
0.7433
0.801925
0.7527
0.7064
0.758725
0.758975
0.79905
0.737375
0.687275
0.759325
0.61585
0.786675
0.791325
0.679625
0.753775
0.68865
0.7522
0.800325
0.763275
0.788325
0.6673
0.7474
0.75605
0.787975
0.80885
0.7127
0.72085
0.80885
0.745825
0.764875
0.6898
0.777975
0.801125
0.783425
0.776275
0.80025
0.721375
0.65955
0.7677
0.6369
19
0.758625
0.801825
0.751375
0.78485
0.772325
0.773575
0.734225
0.75945
0.759975
0.7547
0.767825
0.751325
0.7485
0.6931
0.75885
0.702375
0.710575
0.74805
0.781025
0.776125
0.7689
0.73495
0.74065
0.824425
0.779175
0.757675
0.7541
0.73885
0.8054
0.658675
0.752275
0.761575
0.747525
0.7335
0.60655
0.793575
0.77695
0.779
0.754325
0.7274
0.743925
0.74545
0.731975
0.7639
0.741375
0.745875
0.74565
0.6786
0.7617
0.756725
0.679325
0.69
0.71855
0.660825
0.7398
0.754975
0.7923
0.786975
0.694775
0.740425
0.7142
0.782425
0.689675
0.740175
0.737525
0.812225
0.688475
0.7173
0.74315
0.781425
0.750625
0.746925
0.702275
0.775375
0.72655
0.7654
0.785
0.747675
0.7321
0.71785
0.795125
0.735425
0.699475
0.78185
0.75695
0.6916
0.710225
0.752125
0.719725
0.767475
0.722425
0.7587
0.74175
0.705125
0.734875
0.694225
0.732575
0.7427
0.7613
0.78195
40
0.803875
0.630025
0.569275
0.62165
0.610525
0.664025
0.56625
0.55805
0.618525
0.638975
0.60755
0.600925
0.5707
0.5809
0.45165
0.5481
0.541075
0.5444
0.582975
0.68245
0.673875
0.59725
0.62145
0.52255
0.607575
0.5607
0.574525
0.56825
0.652
0.68515
0.5536
0.5677
0.53935
0.6281
0.644175
0.636825
0.6624
0.581975
0.65465
0.680675
0.616775
0.558975
0.655275
0.5797
0.488375
0.6513
0.55575
0.560125
0.608325
0.672575
0.587025
0.512825
0.604225
0.591775
0.5936
0.6404
0.689075
0.7221
0.7106
0.69875
0.697925
0.730875
0.667675
0.594375
0.564325
0.67895
0.726725
0.660075
0.7487
0.712125
0.747625
0.632175
0.69915
0.6913
0.683225
0.67805
0.767025
0.66275
0.599275
0.713025
0.599425
0.667275
0.7698
0.67705
0.706925
0.6179
0.706525
0.636025
0.682875
0.6703
0.68345
0.636475
0.6515
0.673925
0.624975
0.714025
0.70645
0.623625
0.675125
0.676875
41
0.655325
0.6649
0.654825
0.643475
0.7412
0.71045
0.704075
0.66005
0.675125
0.725325
0.660425
0.6517
0.6385
0.621
0.722475
0.657175
0.703475
0.724625
0.709625
0.678475
0.65905
0.589175
0.584625
0.652575
0.682625
0.665625
0.711775
0.7181
0.6777
0.73045
0.67235
0.713675
0.696975
0.676075
0.648225
0.691575
0.6524
0.63395
0.6714
0.6527
0.646475
0.611375
0.718525
0.69375
0.58505
0.726775
0.6841
0.623875
0.675425
0.673725
0.679725
0.59835
0.625525
0.66655
0.699575
0.6564
0.6557
0.66045
0.586975
0.62955
0.699575
0.6778
0.623075
0.705475
0.617875
0.627475
0.702025
0.624175
0.729025
0.70315
0.634175
0.710425
0.693325
0.7183
0.614975
0.725075
0.675975
0.6293
0.608
0.7639
0.655725
0.682025
0.570275
0.73405
0.645875
0.623225
0.721
0.6857
0.677525
0.69145
0.647725
0.677075
0.625775
0.549275
0.61835
0.659925
0.654325
0.6668
0.63185
0.6148
42
0.728875
0.6225
0.73335
0.666575
0.664775
0.7083
0.6836
0.6916
0.594175
0.646775
0.6715
0.65735
0.668875
0.7195
0.68145
0.5825
0.702975
0.59155
0.707525
0.64185
0.627925
0.6438
0.67855
0.6189
0.639675
0.734525
0.69725
0.6934
0.631325
0.5797
0.699
0.69365
0.647875
0.5788
0.6937
0.6562
0.65865
0.627725
0.66745
0.618775
0.6374
0.5409
0.730625
0.66505
0.68815
0.603225
0.6178
0.721125
0.5621
0.577375
0.6392
0.60445
0.7342
0.588425
0.73055
0.70245
0.617575
0.755125
0.699625
0.6556
0.666625
0.683225
0.68065
0.6909
0.66885
0.64545
0.741475
0.713025
0.603675
0.66175
0.71965
0.65475
0.6432
0.587175
0.6313
0.58665
0.6124
0.636875
0.6466
0.656875
0.677125
0.627675
0.556325
0.700525
0.64325
0.707175
0.585875
0.655325
0.69005
0.64505
0.670875
0.739275
0.70605
0.64515
0.61995
0.619425
0.662725
0.624575
0.6794
0.7356
43
0.6207
0.60345
0.690875
0.740575
0.63865
0.630675
0.612325
0.6999
0.70465
0.63565
0.61395
0.663125
0.6409
0.6561
0.673325
0.7064
0.59345
0.68765
0.64815
0.6748
0.6895
0.686325
0.661625
0.630025
0.66645
0.6759
0.654375
0.63495
0.720275
0.681475
0.679225
0.5776
0.63575
0.7309
0.685925
0.6388
0.69615
0.5753
0.67085
0.757675
0.655075
0.635525
0.789925
0.65075
0.72285
0.688875
0.794825
0.707425
0.6562
0.6335
0.70785
0.6828
0.697675
0.6197
0.58795
0.79545
0.6719
0.7821
0.623575
0.61245
0.70885
0.662925
0.7452
0.726675
0.7778
0.650625
0.694775
0.676175
0.63955
0.703525
0.7306
0.674525
0.6993
0.65135
0.5769
0.78985
0.771625
0.666325
0.6906
0.616975
0.58445
0.64395
0.713725
0.7823
0.56395
0.653925
0.74475
0.6767
0.657725
0.64685
0.708975
0.617725
0.726525
0.79495
0.59065
0.619325
0.6848
0.699475
0.62655
0.59705
44
0.61345
0.654175
0.7919
0.60475
0.6846
0.576875
0.7187
0.7898
0.657875
0.689775
0.7871
0.599175
0.7102
0.703725
0.627625
