




































































































2




































































































3




































































































4




































































































5




































































































6


1
1
1
1
0.33025
0.3865
0.395
0.395
0.37675
0.343
0.3445
0.35325
0.36
0.3615
0.35075
0.34925
0.34925
0.36175
0.34625
0.3625
0.35925
0.35725
0.3565
0.35175
0.35125
0.354
0.35825
0.3595
0.3655
0.3355
0.35025
0.34525
0.36325
0.3615
0.368
0.349
0.34825
0.35175
0.363
0.3645
0.34975
0.35675
0.34725
0.35175
0.3565
0.36375
0.349
0.34825
0.3565
0.346
0.3365
0.34875
0.342
0.35625
0.35025
0.34625
0.3505
0.35125
0.3495
0.35575
0.343
0.353
0.34925
0.34725
0.33325
0.3425
0.35075
0.359
0.3475
0.35475
0.34975
0.3505
0.3485
0.33725
0.3565
0.35025
0.34325
0.35225
0.3535
0.36125
0.34975
0.3545
0.34725
0.35275
0.35875
0.346
0.3645
0.3535
0.353
0.34175
0.34775
0.356
0.3445
0.34425
0.3425
0.347
0.34925
0.3425
0.35025
0.34775
0.33675
0.34425
0.35475
0.34425
2
0.3625
0.359
0.34325
0.3805
0.36525
0.35325
0.35675
0.358
0.3605
0.34975
0.35025
0.352
0.36075
0.35725
0.3525
0.353
0.35875
0.35725
0.376
0.34075
0.34325
0.37
0.349
0.351
0.3515
0.3525
0.35125
0.36375
0.37975
0.35225
0.35625
0.342
0.35325
0.35075
0.36125
0.35125
0.35925
0.34725
0.346
0.35225
0.358
0.34275
0.35925
0.3505
0.33975
0.35075
0.35275
0.34625
0.351
0.346
0.35625
0.346
0.34975
0.35225
0.35775
0.35275
0.36625
0.35625
0.345
0.33875
0.35325
0.356
0.34625
0.351
0.3535
0.36
0.354
0.357
0.35725
0.36525
0.343
0.354
0.35525
0.35125
0.3555
0.36725
0.349
0.34325
0.3565
0.34225
0.34425
0.35425
0.35325
0.34975
0.35175
0.35325
0.3605
0.34475
0.34475
0.37125
0.337
0.354
0.36325
0.35025
0.36625
0.35325
0.367
0.3575
0.3455
0.357
3
0.39375
0.39425
0.3805
0.37325
0.3925
0.39725
0.39725
0.39275
0.3855
0.37775
0.3905
0.38425
0.395
0.389
0.38475
0.3805
0.3895
0.37975
0.392
0.39875
0.39925
0.38625
0.37975
0.3805
0.385
0.39075
0.385
0.3785
0.38925
0.3805
0.39525
0.3855
0.3795
0.3825
0.37575
0.37425
0.38125
0.37575
0.38725
0.386
0.375
0.37775
0.374
0.3675
0.3855
0.379
0.38275
0.37475
0.384
0.387
0.37375
0.36725
0.3695
0.37775
0.37
0.4015
0.3745
0.37075
0.38875
0.38425
0.39
0.649
0.36525
0.381
0.6445
0.37275
0.39925
0.3745
0.38325
0.38575
0.54325
0.58575
0.3845
0.60425
0.54875
0.5685
0.61825
0.601
0.55225
0.616
0.551
0.556
0.58025
0.55325
0.55575
0.621
0.55475
0.5745
0.596
0.55125
0.5365
0.54875
0.5625
0.54525
0.5615
0.5585
0.34925
0.54975
0.5615
0.5455
4
0.3625
0.359
0.34125
0.3585
0.365
0.36675
0.359
0.3455
0.3515
0.34825
0.37175
0.348
0.55925
0.34525
0.356
0.33975
0.34875
0.35275
0.5715
0.57825
0.353
0.5585
0.348
0.555
0.3565
0.34625
0.35175
0.55525
0.3465
0.347
0.361
0.56475
0.35275
0.35425
0.351
0.5525
0.54725
0.54675
0.54425
0.54925
0.55425
0.3675
0.33575
0.33825
0.345
0.5555
0.35525
0.54525
0.531
0.5505
0.54025
0.533
0.54375
0.33925
0.353
0.553
0.35425
0.54225
0.548
0.53725
0.547
0.3405
0.54525
0.5295
0.32825
0.31775
0.53075
0.556
0.5355
0.53675
0.5325
0.55575
0.32625
0.53975
0.32275
0.542
0.54275
0.53575
0.53025
0.517
0.53625
0.332
0.5295
0.32625
0.32075
0.3225
0.53375
0.534
0.3125
0.52125
0.518
0.53
0.521
0.534
0.5415
0.522
0.5205
0.52675
0.52425
0.32125
5
0.5435
0.5445
0.5345
0.54075
0.54125
0.528
0.54
0.53825
0.526
0.529
0.53975
0.53425
0.53175
0.5235
0.5185
0.5215
0.53875
0.52725
0.522
0.5235
0.52525
0.527
0.5275
0.52875
0.53475
0.51875
0.51975
0.52725
0.51875
0.52525
0.5075
0.51725
0.51225
0.51825
0.524
0.52075
0.51725
0.5165
0.51575
0.50375
0.524
0.522
0.51525
0.51275
0.48375
0.48525
0.517
0.5175
0.51475
0.47375
0.51425
0.475
0.513
0.47075
0.5045
0.46225
0.51025
0.484
0.47575
0.4695
0.47575
0.47275
0.46
0.50175
0.5175
0.50675
0.51225
0.46625
0.414
0.509
0.45425
0.501
0.4295
0.40925
0.54475
0.5405
0.438
0.5525
0.41375
0.505
0.51325
0.42475
0.50475
0.414
0.50125
0.4765
0.5015
0.55975
0.44
0.5045
0.42575
0.514
0.545
0.41725
0.53075
0.50175
0.3915
0.53075
0.47825
0.4095
6
0.6235
0.56075
0.50925
0.58375
0.6225
0.5825
0.58125
0.522
0.52225
0.5915
0.5355
0.549
0.552
0.52775
0.53475
0.51525
0.58475
0.49025
0.48075
0.55025
0.51975
0.52175
0.45375
0.51625
0.51875
0.57875
0.51325
0.58475
0.596
0.576
0.5155
0.58325
0.52875
0.54325
0.502
0.46
0.51925
0.58275
0.44275
0.60975
0.56275
0.5875
0.5255
0.505
0.5775
0.514
0.42825
0.54175
0.4095
0.59175
0.423
0.60725
0.5
0.4295
0.40875
0.42725
0.418
0.54325
0.487
0.41375
0.428
0.49875
0.443
0.46275
0.439
0.46175
0.44375
0.43775
0.571
0.503
0.41625
0.521
0.5175
0.563
0.52925
0.4255
0.45
0.43725
0.4135
0.523
0.5895
0.52625
0.58725
0.602
0.41675
0.58575
0.54375
0.49025
0.465
0.52875
0.54575
0.40425
0.43975
0.49775
0.42275
0.49825
0.501
0.5025
0.43425
0.5065
7
0.509
0.49625
0.4935
0.56125
0.6035
0.49575
0.51225
0.5875
0.53125
0.60475
0.55875
0.532
0.53675
0.576
0.558
0.513
0.49
0.52075
0.42425
0.514
0.56925
0.554
0.527
0.53475
0.5315
0.58425
0.44625
0.51575
0.5145
0.568
0.53875
0.5385
0.57725
0.577
0.5865
0.57975
0.51175
0.6085
0.51925
0.51125
0.55625
0.51
0.5525
0.581
0.53
0.62875
0.54475
0.54125
0.54475
0.5935
0.57525
0.5815
0.598
0.53775
0.531
0.5085
0.5355
0.5445
0.51825
0.512
0.5155
0.59425
0.51725
0.5995
0.52475
0.51875
0.50775
0.53175
0.44575
0.53575
0.55225
0.5495
0.436
0.53425
0.588
0.64375
0.56575
0.58625
0.46625
0.58375
0.50575
0.472
0.514
0.52175
0.50325
0.5685
0.5185
0.5325
0.4915
0.49425
0.62925
0.5115
0.56325
0.528
0.52875
0.5195
0.53875
0.5305
0.487
0.512
8
0.55825
0.408
0.55625
0.535
0.535
0.5035
0.585
0.52225
0.54975
0.507
0.5285
0.54925
0.48775
0.6045
0.5715
0.42375
0.569
0.54525
0.58375
0.5525
0.53025
0.51075
0.47975
0.4945
0.55725
0.5125
0.54425
0.569
0.556
0.4535
0.57
0.54475
0.54525
0.5395
0.57725
0.5
0.54575
0.52425
0.486
0.503
0.519
0.51875
0.49075
0.55775
0.493
0.479
0.49575
0.54
0.449
0.50875
0.5775
0.52975
0.5425
0.4665
0.49825
0.45475
0.52325
0.52325
0.5785
0.5445
0.539
0.5375
0.53
0.45
0.485
0.456
0.5185
0.52575
0.51675
0.45175
0.50025
0.52025
0.50475
0.5105
0.5245
0.54725
0.5065
0.548
0.495
0.4525
0.51225
0.5005
0.51125
0.50425
0.50525
0.479
0.46325
0.52325
0.5035
0.51925
0.45375
0.51425
0.46475
0.501
0.46375
0.51775
0.4545
0.50975
0.51475
0.50675
9
0.5825
0.5465
0.423
0.61425
0.56175
0.38075
0.5905
0.533
0.42825
0.42775
0.56425
0.59425
0.3585
0.5925
0.46
0.55525
0.62925
0.62625
0.4715
0.528
0.47825
0.5355
0.575
0.4425
0.5595
0.51575
0.6165
0.58875
0.588
0.57475
0.59125
0.45575
0.4175
0.48925
0.6105
0.5005
0.553
0.546
0.38425
0.42875
0.46475
0.6285
0.6585
0.426
0.52875
0.56675
0.56925
0.59325
0.4365
0.41775
0.58375
0.565
0.55875
0.572
0.45925
0.5755
0.6165
0.58875
0.62175
0.65025
0.466
0.5935
0.58125
0.5935
0.61125
0.57275
0.6105
0.50325
0.5595
0.584
0.53925
0.59775
0.59775
0.457
0.411
0.44825
0.62025
0.5655
0.56825
0.5675
0.43975
0.61575
0.5945
0.60325
0.488
0.67
0.4355
0.56525
0.542
0.585
0.4185
0.6085
0.5885
0.60575
0.6495
0.61225
0.44175
0.58475
0.5615
0.58925
10
0.48325
0.5795
0.59375
0.6465
0.5695
0.476
0.56375
0.54925
0.4535
0.57425
0.60825
0.57075
0.44
0.499
0.6245
0.57425
0.61775
0.6115
0.636
0.62375
0.62125
0.594
0.5085
0.6485
0.6065
0.59625
0.4395
0.62225
0.64725
0.61725
0.5725
0.55375
0.681
0.5415
0.60275
0.596
0.58425
0.57225
0.39325
0.596
0.58325
0.50225
0.50425
0.6195
0.59925
0.62775
0.52875
0.55225
0.43825
0.6175
0.465
0.471
0.533
0.4345
0.4115
0.567
0.62025
0.62875
0.55725
0.575
0.43425
0.5975
0.608
0.61625
0.54475
0.39825
0.5885
0.39975
0.565
0.5525
0.59975
0.60875
0.474
0.44875
0.46775
0.54425
0.58875
0.596
0.5415
0.5615
0.6535
0.61825
0.431
0.636
0.65425
0.53275
0.606
0.65225
0.5475
0.46775
0.648
0.52125
0.666
0.666
0.4565
0.50975
0.52325
0.6635
0.5555
0.42225
11
0.634
0.58975
0.62825
0.693
0.56475
0.5995
0.61375
0.62975
0.4605
0.59675
0.636
0.60175
0.67075
0.65
0.485
0.615
0.67775
0.7065
0.57575
0.585
0.635
0.57775
0.61625
0.648
0.67
0.5965
0.66925
0.62175
0.60775
0.6155
0.51675
0.73725
0.59575
0.6525
0.50325
0.66475
0.43375
0.69725
0.68075
0.49975
0.59375
0.61475
0.615
0.604
0.5715
0.67675
0.633
0.611
0.5855
0.6925
0.572
0.67225
0.5475
0.67525
0.52875
0.628
0.4305
0.43775
0.62175
0.666
0.6285
0.638
0.6735
0.6575
0.58825
0.48725
0.6065
0.65
0.60475
0.58175
0.60175
0.632
0.5925
0.7025
0.45175
0.61325
0.4455
0.5935
0.59425
0.5435
0.63
0.545
0.60775
0.5205
0.60825
0.59725
0.451
0.55825
0.573
0.61275
0.65625
0.43875
0.536
0.59125
0.669
0.6375
0.7215
0.462
0.68875
0.62
12
0.622
0.65425
0.5695
0.604
0.61625
0.594
0.611
0.611
0.676
0.62025
0.68425
0.60625
0.66125
0.53125
0.4505
0.60775
0.52525
0.57775
0.45075
0.58625
0.615
0.4555
0.5825
0.62
0.62925
0.5905
0.65325
0.665
0.5595
0.485
0.697
0.6445
0.5075
0.6655
0.60075
0.5775
0.53475
0.56925
0.59175
0.59725
0.5175
0.5775
0.623
0.5005
0.64975
0.61475
0.58375
0.64925
0.624
0.6105
0.5905
0.4495
0.5735
0.59775
0.4525
0.57575
0.592
0.61475
0.4295
0.52475
0.657
0.61625
0.5175
0.5715
0.54325
0.6765
0.5635
0.58425
0.592
0.60525
0.549
0.47475
0.49425
0.60075
0.43175
0.5055
0.58825
0.58625
0.656
0.637
0.6205
0.5875
0.4945
0.53275
0.482
0.46325
0.6075
0.5815
0.53875
0.5725
0.43075
0.671
0.439
0.56625
0.48025
0.5025
0.634
0.434
0.5995
0.59725
13
0.56025
0.5645
0.619
0.59975
0.6125
0.59225
0.617
0.56625
0.4255
0.60825
0.6115
0.5745
0.61625
0.579
0.57625
0.606
0.5725
0.587
0.5755
0.57825
0.577
0.5765
0.585
0.578
0.56475
0.5845
0.56675
0.61
0.57575
0.56725
0.5635
0.6125
0.57675
0.589
0.569
0.55175
0.60075
0.586
0.5845
0.59275
0.54575
0.5825
0.56325
0.59125
0.598
0.614
0.56925
0.57925
0.60425
0.592
0.57225
0.57525
0.56225
0.56725
0.5925
0.51375
0.5745
0.57
0.565
0.5935
0.58625
0.593
0.568
0.564
0.5555
0.522
0.58
0.60025
0.61375
0.6035
0.6045
0.57275
0.574
0.57975
0.55
0.56225
0.59275
0.518
0.61625
0.57175
0.5945
0.5605
0.6205
0.55625
0.57925
0.60775
0.674
0.58575
0.569
0.587
0.5155
0.565
0.618
0.64
0.55275
0.50375
0.59475
0.56525
0.6705
0.5655
14
0.677
0.5285
0.52
0.525
0.57225
0.54875
0.56125
0.512
0.51125
0.56525
0.587
0.4775
0.53975
0.56725
0.50525
0.56575
0.505
0.59925
0.497
0.53175
0.56875
0.4395
0.688
0.51075
0.4895
0.56925
0.538
0.5695
0.517
0.57725
0.64175
0.5765
0.57375
0.47175
0.59225
0.51875
0.64725
0.5825
0.464
0.52075
0.6375
0.50575
0.49925
0.64825
0.6255
0.48575
0.55875
0.6395
0.57325
0.66775
0.5045
0.5015
0.51525
0.50825
0.644
0.5695
0.55925
0.6765
0.61475
0.673
0.5745
0.5735
0.583
0.586
0.564
0.592
0.6155
0.57275
0.5645
0.6615
0.5735
0.6485
0.4875
0.5785
0.57125
0.67275
0.56975
0.648
0.49725
0.4795
0.65125
0.58025
0.477
0.67075
0.6435
0.63625
0.5715
0.50025
0.565
0.56475
0.484
0.55825
0.505
0.56625
0.47475
0.5645
0.601
0.6355
0.57475
0.60075
15
0.63425
0.665
0.5965
0.59825
0.45225
0.6745
0.565
0.65525
0.49875
0.6805
0.63225
0.6735
0.6805
0.50575
0.64675
0.67
0.519
0.69275
0.49375
0.53725
0.66825
0.63
0.68775
0.6655
0.618
0.667
0.56025
0.49775
0.55725
0.6505
0.666
0.65525
0.6605
0.65525
0.59325
0.67125
0.4985
0.6645
0.52625
0.421
0.5235
0.62675
0.60375
0.6455
0.65775
0.553
0.569
0.6035
0.598
0.6715
0.6555
0.588
0.53425
0.6365
0.686
0.56875
0.649
0.61325
0.65
0.56825
0.58775
0.61125
0.582
0.5535
0.6555
0.5395
0.66
0.64725
0.657
0.633
0.54325
0.65725
0.57625
0.472
0.647
0.45775
0.5265
0.667
0.639
0.4995
0.5685
0.52175
0.5605
0.58725
0.64825
0.66325
0.49275
0.66625
0.52825
0.658
0.619
0.60525
0.653
0.5995
0.45675
0.56225
0.671
0.66225
0.49525
0.66375
16
0.56475
0.67425
0.507
0.6025
0.649
0.4595
0.69525
0.5245
0.518
0.59475
0.509
0.5115
0.67825
0.52575
0.63025
0.6585
0.5475
0.6805
0.6875
0.6885
0.68375
0.528
0.65875
0.527
0.677
0.66675
0.63675
0.49825
0.528
0.50725
0.6655
0.688
0.6795
0.6735
0.55825
0.5575
0.60075
0.5
0.502
0.6835
0.62775
0.6045
0.5505
0.59975
0.644
0.6715
0.491
0.5985
0.66
0.482
0.69625
0.55275
0.62775
0.654
0.681
0.481
0.5005
0.6415
0.6835
0.684
0.48175
0.4465
0.6755
0.52075
0.68175
0.5975
0.554
0.60775
0.526
0.6805
0.49175
0.47425
0.66525
0.53325
0.682
0.497
0.554
0.6265
0.636
0.66125
0.675
0.469
0.56125
0.59875
0.59175
0.475
0.6625
0.63925
0.445
0.59175
0.67875
0.68175
0.54275
0.5455
0.62025
0.52325
0.54075
0.63375
0.59425
0.56675
17
0.716
0.695
0.692
0.5025
0.54
0.70875
0.467
0.6825
0.673
0.53125
0.71075
0.6785
0.66975
0.6135
0.66325
0.67425
0.592
0.58525
0.5245
0.6885
0.687
0.46
0.463
0.61225
0.44775
0.516
0.681
0.705
0.67175
0.57425
0.483
0.567
0.46525
0.60625
0.51675
0.55425
0.4765
0.651
0.53325
0.6405
0.701
0.64
0.55275
0.664
0.67425
0.53675
0.67
0.45325
0.67925
0.687
0.58675
0.686
0.69925
0.54975
0.51925
0.55625
0.516
0.6895
0.54525
0.5515
0.55075
0.6535
0.70725
0.69775
0.65075
0.617
0.6795
0.676
0.4875
0.6605
0.50925
0.673
0.503
0.6925
0.58575
0.4645
0.57
0.67475
0.479
0.614
0.571
0.558
0.5065
0.57525
0.53175
0.7215
0.69625
0.5595
0.6435
0.67675
0.63825
0.50375
0.68225
0.55525
0.539
0.681
0.50675
0.553
0.66675
0.61475
18
0.51825
0.701
0.6515
0.6605
0.693
0.56525
0.66675
0.646
0.5235
0.5355
0.637
0.566
0.503
0.48875
0.701
0.61425
0.7065
0.65575
0.6985
0.51625
0.69175
0.65425
0.71725
0.6085
0.6695
0.707
0.53925
0.6635
0.558
0.736
0.68425
0.59775
0.68625
0.69475
0.6875
0.65325
0.716
0.70625
0.6585
0.6985
0.6665
0.5515
0.54025
0.7255
0.559
0.5425
0.482
0.50275
0.50825
0.7065
0.699
0.685
0.463
0.65175
0.607
0.56075
0.61775
0.68
0.6695
0.56775
0.6355
0.65225
0.5865
0.643
0.58
0.671
0.62625
0.6525
0.53325
0.625
0.61825
0.6695
0.66525
0.63825
0.569
0.60825
0.66475
0.55975
0.66425
0.59525
0.6795
0.6525
0.4795
0.6285
0.59275
0.63825
0.68075
0.6685
0.49225
0.64775
0.7165
0.68475
0.6075
0.64975
0.71575
0.62925
0.599
0.64175
0.6275
0.62175
19
0.57175
0.66025
0.4905
0.54125
0.67375
0.57525
0.653
0.66525
0.66575
0.6
0.663
0.54625
0.68475
0.51975
0.57575
0.7115
0.70175
0.70775
0.59775
0.69075
0.612
0.5245
0.6505
0.6325
0.704
0.68125
0.4795
0.663
0.691
0.487
0.61125
0.66775
0.6645
0.66125
0.56025
0.67175
0.707
0.6815
0.67975
0.539
0.5135
0.693
0.6365
0.7085
0.5445
0.6855
0.63425
0.693
0.64275
0.65625
0.69275
0.705
0.72
0.65175
0.64675
0.63475
0.69825
0.67875
0.53725
0.7285
0.56225
0.68775
0.646
0.545
0.62325
0.66775
0.682
0.55675
0.61925
0.47075
0.67125
0.66725
0.6445
0.68025
0.655
0.69025
0.674
0.54125
0.5265
0.5565
0.70025
0.64175
0.70975
0.6465
0.63875
0.662
0.67025
0.60875
0.6765
0.664
0.65725
0.701
0.62625
0.70075
0.66775
0.61225
0.6525
0.51025
0.6115
0.6865
20
0.635
0.6175
0.65825
0.59675
0.5835
0.64525
0.593
0.57225
0.60025
0.631
0.5315
0.622
0.695
0.65175
0.69475
0.67525
0.6935
0.6775
0.65825
0.67075
0.6365
0.6595
0.66925
0.57775
0.71375
0.66475
0.60425
0.666
0.61175
0.67575
0.689
0.7145
0.5925
0.57975
0.6765
0.6885
0.66975
0.53875
0.546
0.67775
0.71775
0.662
0.66825
0.544
0.6655
0.6605
0.69775
0.59575
0.621
0.665
0.65225
0.66
0.61975
0.644
0.5635
0.67875
0.685
0.58725
0.7125
0.645
0.65575
0.6415
0.59
0.66425
0.6435
0.56125
0.553
0.63025
0.6995
0.507
0.6715
0.59
0.66775
0.67725
0.6595
0.628
0.6495
0.6725
0.687
0.66025
0.65125
0.7115
0.701
0.7025
0.6965
0.60675
0.64
0.6055
0.68375
0.64525
0.58575
0.63325
0.704
0.61975
0.5975
0.622
0.62725
0.6645
0.6485
0.67625
21
0.57625
0.64475
0.63075
0.61825
0.6345
0.5835
0.65075
0.58775
0.654
0.65225
0.66875
0.56525
0.647
0.64525
0.59125
0.69225
0.69125
0.6225
0.6695
0.7095
0.6465
0.64875
0.64975
0.5705
0.5645
0.6055
0.56775
0.58575
0.699
0.675
0.668
0.702
0.671
0.70375
0.591
0.65675
0.6385
0.6505
0.6485
0.6385
0.7105
0.68025
0.67775
0.68125
0.69125
0.67625
0.64425
0.671
0.696
0.57675
0.577
0.6315
0.68775
0.644
0.63125
0.65575
0.6755
0.6735
0.5685
0.66175
0.67175
0.658
0.557
0.6105
0.65475
0.619
0.5875
0.694
0.65725
0.62425
0.658
0.69
0.503
0.633
0.67325
0.593
0.5695
0.5965
0.68875
0.6795
0.61
0.57175
0.53775
0.62475
0.66125
0.5725
0.625
0.7065
0.6325
0.60575
0.675
0.642
0.60175
0.6285
0.69775
0.61575
0.70325
0.6855
0.586
0.69625
22
0.69125
0.69575
0.66175
0.63725
0.67725
0.691
0.5885
0.58075
0.63025
0.693
0.65525
0.56175
0.6565
0.587
0.65925
0.65575
0.695
0.6205
0.67
0.58975
0.6355
0.6615
0.6125
0.63375
0.68575
0.649
0.683
0.67575
0.57675
0.61275
0.621
0.5995
0.67525
0.57475
0.57375
0.56825
0.57675
0.696
0.62475
0.69125
0.66575
0.63875
0.569
0.6835
0.625
0.57525
0.66425
0.66425
0.68525
0.53825
0.60725
0.6685
0.5895
0.61725
0.59075
0.604
0.57125
0.6045
0.681
0.71625
0.62075
0.61625
0.67925
0.679
0.66725
0.67675
0.68625
0.64725
0.672
0.60175
0.67975
0.654
0.62375
0.6845
0.59425
0.65925
0.669
0.671
0.601
0.6035
0.6715
0.62525
0.60075
0.6775
0.5795
0.65825
0.67725
0.68925
0.69775
0.70525
0.66475
0.67375
0.61375
0.644
0.6545
0.6885
0.686
0.5565
0.72575
0.6175
23
0.63625
0.577
0.691
0.665
0.614
0.65075
0.6165
0.59725
0.6305
0.64225
0.648
0.595
0.6845
0.648
0.6935
0.587
0.72675
0.60025
0.67525
0.669
0.59775
0.64
0.56575
0.641
0.68575
0.623
0.6485
0.67625
0.61975
0.67025
0.7075
0.60675
0.58775
0.58325
0.59025
0.66925
0.60525
0.72075
0.60425
0.5965
0.59225
0.7065
0.66525
0.66425
0.66
0.58325
0.65225
0.6055
0.675
0.5965
0.591
0.652
0.671
0.6625
0.677
0.62825
0.67675
0.68575
0.59675
0.664
0.705
0.67375
0.66375
0.6365
0.652
0.702
0.5745
0.66275
0.5735
0.5705
0.58825
0.668
0.65325
0.59475
0.596
0.68475
0.6195
0.641
0.70975
0.631
0.62425
0.66125
0.705
0.6965
0.6265
0.6255
0.6255
0.688
0.53525
0.61825
0.58675
0.6485
0.67775
0.68075
0.69
0.6295
0.69825
0.64925
0.63625
0.671
24
0.577
0.64375
0.61425
0.63625
0.577
0.65775
0.711
0.65
0.63075
0.61425
0.613
0.64025
0.6285
0.672
0.61275
0.6705
0.63275
0.6385
0.67475
0.5755
0.66
0.6885
0.6555
0.64725
0.6135
0.713
0.6025
0.68275
0.60725
0.60475
0.62825
0.6445
0.61325
0.65825
0.649
0.534
0.63625
0.5825
0.6315
0.57825
0.6485
0.7
0.6505
0.6825
0.59575
0.5955
0.636
0.667
0.67275
0.64425
0.68825
0.67225
0.6195
0.5945
0.58575
0.62325
0.6435
0.69475
0.68425
0.6325
0.60075
0.66425
0.63525
0.61225
0.69625
0.6935
0.6985
0.7265
0.63225
0.63275
0.691
0.647
0.69175
0.67675
0.60725
0.64725
0.584
0.65725
0.66675
0.6575
0.61825
0.679
0.664
0.67475
0.6515
0.716
0.62375
0.66375
0.62125
0.69825
0.6805
0.66725
0.60775
0.7125
0.69
0.706
0.6875
0.58175
0.55325
0.6215
25
0.625
0.631
0.6255
0.58825
0.632
0.66875
0.648
0.7095
0.63875
0.667
0.6915
0.66175
0.64725
0.69925
0.7015
0.63975
0.6385
0.67875
0.696
0.61075
0.599
0.6635
0.63575
0.6615
0.6265
0.584
0.65575
0.61225
0.697
0.688
0.64525
0.671
0.687
0.60525
0.69375
0.6265
0.6565
0.6935
0.6785
0.70225
0.6405
0.615
0.71225
0.7035
0.59025
0.63325
0.6185
0.619
0.70975
0.646
0.68025
0.63675
0.65775
0.60275
0.681
0.653
0.64425
0.625
0.686
0.61475
0.582
0.69125
0.70425
0.65575
0.66725
0.69175
0.66475
0.65225
0.62775
0.68575
0.67575
0.62575
0.6055
0.67975
0.631
0.638
0.6995
0.6725
0.6385
0.68275
0.68675
0.71675
0.66625
0.65625
0.638
0.58725
0.6625
0.6205
0.69125
0.672
0.59775
0.66775
0.6585
0.59675
0.6355
0.6555
0.67325
0.6805
0.7185
0.606
26
0.5905
0.65825
0.65325
0.71025
0.697
0.67
0.66125
0.5955
0.7005
0.58425
0.68175
0.5815
0.65275
0.6865
0.659
0.6895
0.69875
0.5905
0.6945
0.593
0.6555
0.666
0.676
0.66025
0.656
0.63925
0.654
0.63125
0.66025
0.6965
0.64525
0.64225
0.71175
0.64425
0.66
0.64275
0.6265
0.665
0.604
0.6305
0.59475
0.65825
0.624
0.67875
0.65975
0.732
0.62025
0.685
0.62
0.6025
0.5875
0.691
0.6925
0.627
0.6855
0.68725
0.6355
0.63375
0.68925
0.6825
0.6795
0.6785
0.687
0.69675
0.668
0.66575
0.6295
0.63275
0.62125
0.61125
0.63725
0.6605
0.6965
0.64375
0.72675
0.65825
0.71175
0.65775
0.7235
0.58275
0.62475
0.626
0.681
0.62275
0.62375
0.628
0.592
0.62375
0.667
0.729
0.65625
0.67125
0.6485
0.64375
0.595
0.69725
0.65075
0.67525
0.603
0.614
27
0.60625
0.65175
0.616
0.689
0.64825
0.6235
0.60875
0.64575
0.64275
0.639
0.6335
0.6595
0.64175
0.6275
0.6555
0.64925
0.7035
0.54
0.64875
0.67875
0.62525
0.69025
0.72075
0.6925
0.644
0.65475
0.68575
0.6175
0.61375
0.62925
0.66675
0.66325
0.66875
0.6275
0.70775
0.66625
0.626
0.69075
0.64475
0.62275
0.61225
0.61675
0.62625
0.64275
0.664
0.6675
0.685
0.58625
0.703
0.66875
0.701
0.667
0.6785
0.68775
0.6115
0.70275
0.6425
0.6875
0.5995
0.6445
0.7035
0.645
0.63875
0.6555
0.63125
0.7235
0.6125
0.614
0.6255
0.6495
0.63
0.6855
0.6635
0.61825
0.608
0.67225
0.58125
0.63525
0.66275
0.65375
0.61575
0.631
0.634
0.68975
0.6355
0.6415
0.67475
0.681
0.6075
0.6705
0.59625
0.6985
0.612
0.65625
0.716
0.578
0.71125
0.70025
0.67075
0.62275
28
0.64
0.61625
0.625
0.688
0.58825
0.67975
0.63175
0.688
0.65775
0.6725
0.61675
0.6705
0.62475
0.62425
0.64225
0.64725
0.694
0.66925
0.71875
0.67975
0.65675
0.659
0.6315
0.6345
0.68425
0.6505
0.688
0.69725
0.683
0.62825
0.6445
0.6975
0.668
0.64925
0.69275
0.661
0.6225
0.71075
0.676
0.687
0.702
0.64
0.68675
0.631
0.5945
0.668
0.68875
0.644
0.72825
0.63075
0.6825
0.63775
0.689
0.64325
0.6885
0.641
0.6645
0.61175
0.64975
0.62375
0.67625
0.6505
0.68075
0.629
0.6625
0.63
0.63925
0.662
0.7045
0.6435
0.64575
0.625
0.63125
0.6675
0.67025
0.6195
0.642
0.628
0.68075
0.5955
0.611
0.66475
0.66825
0.61875
0.66625
0.63625
0.65475
0.6705
0.63825
0.67425
0.60625
0.6755
0.623
0.6915
0.6675
0.685
0.64625
0.61825
0.68775
0.62225
29
0.63125
0.6265
0.6385
0.66175
0.622
0.62275
0.6415
0.6355
0.65125
0.58375
0.645
0.638
0.59
0.64775
0.68575
0.65125
0.6555
0.64825
0.64525
0.68275
0.6485
30
0.655
0.65575
0.59525
0.679
0.7005
0.683
0.5655
0.6115
0.62725
0.64325
0.666
0.68375
0.6495
0.682
0.60425
0.7095
0.63575
0.68675
0.67675
0.6915
0.69525
0.694
0.66675
0.689
0.68025
0.6535
0.68875
0.701
0.72325
0.6765
0.7245
0.63425
0.683
0.68175
0.6705
0.697
0.68675
0.65375
0.696
0.6735
0.70175
0.6795
0.70975
0.70875
0.65025
0.66525
0.679
0.728
0.67725
0.6655
0.661
0.6245
0.7165
0.6395
0.66125
0.70075
0.72375
0.63375
0.6485
0.7195
0.612
0.678
0.65025
0.738
0.65025
0.66325
0.621
0.657
0.6635
0.71625
0.7045
0.658
0.69325
0.7255
0.6935
0.6425
0.7265
0.7095
0.65375
0.7355
0.649
0.7055
0.719
0.65975
0.69075
0.684
0.7185
0.7325
0.6745
0.66475
0.71575
0.69375
0.708
0.72925
0.713
0.684
0.7335
0.712
0.658
0.6775
31
0.67725
0.7045
0.745
0.68025
0.7215
0.70375
0.70625
0.6735
0.69275
0.684
0.706
0.7255
0.71225
0.711
0.68825
0.65275
0.639
0.706
0.61425
0.705
0.7135
0.68875
0.65875
0.692
0.689
0.685
0.7385
0.6885
0.70625
0.65775
0.6795
0.6975
0.70575
0.647
0.68225
0.71375
0.69275
0.71525
0.7005
0.6745
0.685
0.6025
0.69625
0.66625
0.68775
0.70575
0.664
0.657
0.69525
0.676
0.71025
0.67825
0.695
0.723
0.69725
0.67025
0.61825
0.62525
0.64775
0.639
0.698
0.69025
0.671
0.68825
0.65525
0.65775
0.70675
0.71525
0.6665
0.6895
0.66725
0.64975
0.67175
0.64175
0.73975
0.6845
0.6945
0.68975
0.713
0.6985
0.64125
0.68975
0.683
0.63825
0.7015
0.692
0.6655
0.61775
0.6925
0.67475
0.67325
0.71125
0.6715
0.677
0.687
0.65825
0.60125
0.63675
0.692
0.66875
32
0.7215
0.65725
0.62725
0.6975
0.6585
0.6815
0.67675
0.666
0.6495
0.634
0.66475
0.63
0.7415
0.6485
0.71325
0.637
0.68225
0.71525
0.655
0.68675
0.63225
0.68625
0.6645
0.70825
0.713
0.64075
0.70475
0.69
0.68475
0.64825
0.693
0.64225
0.69725
0.672
0.63325
0.714
0.65325
0.6815
0.62875
0.615
0.631
0.66425
0.64875
0.6375
0.682
0.67
0.67775
0.643
0.64925
0.7395
0.70225
0.68175
0.67125
0.6255
0.638
0.657
0.65575
0.64425
0.67725
0.70475
0.68025
0.655
0.65275
0.668
0.66075
0.68575
0.7135
0.73875
0.73675
0.6705
0.6735
0.6845
0.6615
0.672
0.71375
0.69
0.6745
0.69375
0.715
0.63025
0.65225
0.6945
0.669
0.678
0.68075
0.6435
0.7035
0.7055
0.724
0.6915
0.654
0.7155
0.68475
0.6505
0.65475
0.6745
0.65075
0.717
0.6855
0.63325
33
0.68575
0.66625
0.66425
0.68275
0.7035
0.71525
0.6745
0.6905
0.75225
0.6945
0.69025
0.6865
0.70425
0.7305
0.69275
0.68625
0.6905
0.6725
0.728
0.6775
0.70125
0.66225
0.663
0.71975
0.70825
0.66575
0.7405
0.7305
0.685
0.65225
0.69475
0.68375
0.61875
0.7445
0.72575
0.66025
0.67575
0.6985
0.69625
0.6805
0.6695
0.6565
0.6835
0.6115
0.701
0.64925
0.64775
0.6725
0.6765
0.644
0.64475
0.7135
0.657
0.67625
0.681
0.64975
0.611
0.66275
0.71725
0.70825
0.71675
0.674
0.69125
0.68025
0.59225
0.674
0.69275
0.642
0.68225
0.656
0.6945
0.6625
0.67375
0.69225
0.707
0.71425
0.663
0.608
0.68775
0.6425
0.67125
0.6625
0.63775
0.652
0.6375
0.64
0.6485
0.693
0.675
0.72125
0.666
0.70875
0.6825
0.62975
0.66725
0.70975
0.69825
0.6955
0.626
0.6815
34
0.6555
0.6885
0.66625
0.717
0.63375
0.65175
0.68575
0.7105
0.6985
0.69225
0.715
0.7045
0.70275
0.68625
0.69875
0.67525
0.6695
0.72275
0.69325
0.6565
0.70775
0.68525
0.68575
0.72075
0.62675
0.67175
0.7435
0.7275
0.6665
0.68325
0.6825
0.726
0.6275
0.70625
0.66225
0.68725
0.697
0.63575
0.70575
0.67425
0.7035
0.70925
0.65575
0.68225
0.692
0.6675
0.713
0.736
0.66775
0.68
0.639
0.6595
0.68075
0.68575
0.67375
0.682
0.739
0.70575
0.70975
0.68375
0.645
0.6635
0.666
0.629
0.653
0.69
0.73
0.70125
0.66825
0.6545
0.73125
0.67725
0.65975
0.683
0.69875
0.69575
0.708
0.654
0.691
0.6835
0.69975
0.709
0.66225
0.67425
0.7275
0.71775
0.678
0.656
0.73375
0.64725
0.75375
0.73425
0.6805
0.738
0.71125
0.73075
0.6635
0.6875
0.7045
0.67725
35
0.70525
0.6915
0.711
0.72975
0.695
0.733
0.668
0.6865
0.69225
0.69625
0.71275
0.659
0.6765
0.65975
0.6555
0.70075
0.681
0.64775
0.7235
0.654
0.69675
0.73475
0.672
0.664
0.65275
0.71475
0.704
0.688
0.65225
0.65725
0.68225
0.7505
0.67425
0.677
0.7165
0.688
0.66075
0.701
0.6825
0.69825
0.73425
0.7035
0.7225
0.70775
0.697
0.69325
0.612
0.66025
0.70825
0.66425
0.72275
0.652
0.7295
0.661
0.6665
0.692
0.65875
0.673
0.69875
0.6595
0.6995
0.65
0.6685
0.7
0.72725
0.667
0.735
0.685
0.7195
0.70975
0.63975
0.6605
0.704
0.6735
0.7025
0.67825
0.7195
0.64275
0.68025
0.704
0.6525
0.64175
0.72025
0.68175
0.65325
0.673
0.684
0.683
0.662
0.6635
0.619
0.71
0.71025
0.72825
0.68175
0.6645
0.608
0.6685
0.67475
0.6845
36
0.7305
0.6825
0.70175
0.663
0.668
0.65075
0.72225
0.6655
0.686
0.63675
0.6655
0.68125
0.70625
0.7175
0.7015
0.6715
0.63825
0.634
0.69175
0.673
0.711
0.6585
0.668
0.7065
0.6745
0.66525
0.68025
0.65725
0.7055
0.71275
0.63725
0.682
0.68075
0.6785
0.673
0.7105
0.63275
0.6675
0.666
0.68725
0.66675
0.6745
0.72425
0.71325
0.66125
0.70975
0.74175
0.68425
0.71625
0.7005
0.694
0.70325
0.68775
0.73025
0.68525
0.66625
0.68025
0.699
0.64225
0.706
0.6725
0.72425
0.66175
0.6595
0.6975
0.6495
0.70925
0.70475
0.68175
0.71975
0.7055
0.658
0.68925
0.6435
0.6665
0.7285
0.68925
0.6775
0.70025
0.71175
0.6455
0.7145
0.665
0.66525
0.726
0.6355
0.69725
0.71175
0.69425
0.67075
0.66475
0.66525
0.67625
0.71475
0.6615
0.73
0.7205
0.73225
0.7005
0.6715
37
0.656
0.71025
0.673
0.678
0.64175
0.70175
0.69625
0.68425
0.68725
0.69075
0.7025
0.679
0.6825
0.70725
0.6825
0.72275
0.666
0.68275
0.70225
0.68575
0.698
0.7415
0.73725
0.69725
0.722
0.72075
0.72425
0.7035
0.6695
0.73275
0.69025
0.6895
0.68625
0.6735
0.668
0.70875
0.6645
0.7015
0.69225
0.7075
0.72825
0.68775
0.7185
0.71425
0.714
0.676
0.7275
0.71525
0.68025
0.657
0.69725
0.69775
0.69975
0.662
0.75525
0.65525
0.6735
0.69425
0.72
0.69925
0.72825
0.69925
0.6875
0.7335
0.6965
0.664
0.68725
0.68825
0.71775
0.687
0.7035
0.679
0.6595
0.7255
0.72425
0.74025
0.70125
0.75125
0.65075
0.68625
0.72425
0.7335
0.71825
0.7005
0.66375
0.69825
0.69875
0.68425
0.6735
0.67525
0.70975
0.683
0.66575
0.70675
0.6705
0.656
0.684
0.71075
0.68325
0.6385
38
0.67925
0.69675
0.6595
0.6945
0.67325
0.6935
0.7065
0.69275
0.6675
0.7145
0.70175
0.72275
0.71275
0.71175
0.678
0.692
0.68975
0.69625
0.70175
0.7315
0.67725
0.69975
0.66875
0.6775
0.6975
0.68125
0.7045
0.7195
0.65425
0.7345
0.7075
0.69375
0.6805
0.6515
0.70925
0.71575
0.69725
0.74725
0.7365
0.68575
0.69
0.7075
0.69025
0.634
0.655
0.73975
0.7335
0.6905
0.6755
0.66825
0.68725
0.7055
0.65625
0.70725
0.72
0.73225
0.6975
0.73575
0.708
0.74375
0.66425
0.6955
0.68425
0.7055
0.71425
0.7015
0.696
0.703
0.703
0.716
0.693
0.68975
0.71375
0.6565
0.66825
0.7135
0.70525
0.6865
0.71975
0.7055
0.67825
0.7055
0.72475
0.67875
0.727
0.7585
0.68675
0.724
0.70725
0.7145
0.68425
0.718
0.70675
0.7365
0.70725
0.706
0.68525
0.72325
0.6945
0.71025
39
0.70725
0.70225
0.70725
0.717
0.695
0.6605
0.74475
0.68825
0.659
0.736
0.6815
0.69025
0.7275
0.69075
0.728
0.72075
0.7155
0.74
0.68725
0.69725
0.742
0.69275
0.702
0.70625
0.717
0.70675
0.704
0.74625
0.67925
0.7265
0.68825
0.7225
0.73625
0.7055
0.69575
0.73675
0.7315
0.723
0.697
0.67425
0.685
0.716
0.69725
0.709
0.68575
0.69125
0.697
0.7125
0.6985
0.69725
0.693
0.70225
0.663
0.7185
0.71725
0.706
0.71675
0.73025
0.67575
0.70325
0.70675
0.70425
0.72125
0.73975
0.72125
0.67925
0.719
0.72225
0.6985
0.7195
0.73375
0.71825
0.694
0.67025
0.694
0.714
0.717
0.728
0.70825
0.6835
0.724
0.69625
0.71975
0.6875
0.65225
0.6945
0.68325
0.67725
0.69
0.6685
0.684
0.66125
0.69875
0.69575
0.73075
0.69275
0.67375
0.70925
0.68575
0.7055
40
0.68075
0.70925
0.7335
0.7165
0.73425
0.7075
0.705
0.73875
0.72375
0.708
0.67475
0.73
0.7315
0.7255
0.6965
0.68725
0.6835
0.7435
0.70725
0.6805
0.7105
0.699
0.70675
0.70675
0.7205
0.683
0.67575
0.64875
0.6955
0.7065
0.7395
0.70275
0.70825
0.71225
0.69125
0.72975
0.72375
0.7075
0.685
0.6955
0.719
0.69025
0.73725
0.7095
0.69875
0.71075
0.6505
0.7135
0.6905
0.71275
0.72175
0.71225
0.69175
0.7035
0.7045
0.6975
0.69275
0.67525
0.697
0.68275
0.712
0.692
0.69025
0.696
0.70675
0.69575
0.67375
0.6895
0.7055
0.71075
0.715
0.688
0.71275
0.732
0.71075
0.69575
0.72125
0.74275
0.6865
0.687
0.68
0.665
0.70425
0.728
0.7115
0.69875
0.7345
0.69425
0.703
0.7305
0.697
0.625
0.73075
0.70825
0.70775
0.697
0.71875
0.7325
0.69375
0.72925
41
0.67025
0.70525
0.6755
0.70425
0.694
0.696
0.74425
0.7115
0.7045
0.755
0.70225
0.71
0.70375
0.7225
0.67675
0.68625
0.7045
0.71925
0.715
0.72125
0.7185
0.6995
0.6825
0.7265
0.661
0.7085
0.70925
0.6625
0.7345
0.70225
0.7015
0.706
0.68125
0.74
0.66975
0.68975
0.67175
0.73125
0.71
0.70525
0.715
0.689
0.73225
0.687
0.7155
0.718
0.6895
0.7255
0.728
0.699
0.714
0.72725
0.69175
0.735
0.73875
0.7015
0.72275
0.71
0.68675
0.661
0.71125
0.671
0.74075
0.70125
0.684
0.72625
0.7
0.6655
0.7185
0.68675
0.7335
0.71225
0.6555
0.705
0.67725
0.64425
0.68725
0.71825
0.73225
0.705
0.71075
0.69325
0.703
0.65325
0.69325
0.72425
0.713
0.717
0.712
0.67825
0.6455
0.7465
0.6635
0.68325
0.73475
0.6815
0.68775
0.7325
0.66725
0.702
42
0.716
0.70875
0.71425
0.69675
0.689
0.70475
0.668
0.69625
0.6745
0.738
0.6715
0.71875
0.7235
0.7
0.682
0.73975
0.69025
0.66125
0.75475
0.71375
0.69775
0.6595
0.70525
0.7085
0.6955
0.69175
0.73875
0.69475
0.733
0.695
0.663
0.718
0.70675
0.72375
0.74825
0.69025
0.7345
0.704
0.7195
0.667
0.66925
0.679
0.734
0.6885
0.72675
0.74075
0.75975
0.72
0.74375
0.735
0.7055
0.72075
0.7125
0.671
0.69325
0.67525
0.7275
0.7225
0.72175
0.74725
0.658
0.73425
0.6975
0.7345
0.74075
0.68575
0.689
0.712
0.7305
0.6815
0.65975
0.70875
0.7265
0.6985
0.7375
0.73375
0.68425
0.694
0.74075
0.70375
0.71575
0.737
0.72425
0.69
0.70775
0.71
0.6955
0.67225
0.66875
0.70625
0.673
0.68425
0.71375
0.7155
0.67325
0.73425
0.72
0.71775
0.7305
0.694
43
0.703
0.696
0.6865
0.7245
0.68175
0.64825
0.728
0.69975
0.69425
0.701
0.68525
0.7295
0.71725
0.718
0.6975
0.72475
0.72575
0.7095
0.7095
0.702
0.7175
0.695
0.699
0.73625
0.7045
0.6585
0.705
0.72575
0.67825
0.71275
0.715
0.69175
0.7525
0.713
0.69075
0.6835
0.73575
0.704
0.692
0.70975
0.7385
0.72275
0.6875
0.71575
0.72725
0.68275
0.71025
0.722
0.71875
0.67825
0.69675
0.7085
0.72325
0.693
0.69775
0.68325
0.70925
0.72025
0.67475
0.71975
0.7305
0.71125
0.71775
0.73525
0.6895
0.72475
0.71825
0.69325
0.73625
0.69525
0.72525
0.73425
0.70775
0.7195
0.688
0.684
0.6845
0.70175
0.756
0.6565
0.70775
0.7035
0.6835
0.765
0.70875
0.71825
0.70175
0.70275
0.72725
0.6875
0.68425
0.678
0.6785
0.70525
0.692
0.717
0.72375
0.7285
0.7355
0.713
44
0.7265
0.69625
0.6935
0.74175
0.71625
0.7035
0.6775
0.73675
0.7425
0.70025
0.7335
0.732
0.70525
0.69225
0.68875
0.692
0.70725
0.71725
0.69475
0.6985
0.7155
0.72675
0.71475
0.7385
0.717
0.6955
0.7005
0.67875
0.67025
0.6905
0.6905
0.72775
0.681
0.71975
0.6825
0.719
0.724
0.68175
0.71775
0.71825
0.692
0.683
0.71025
0.7135
0.70125
0.69725
0.6665
0.7005
0.69025
0.68125
0.70625
0.7395
0.70725
0.7095
0.73125
0.67375
0.72275
0.707
0.6955
0.68475
0.7145
0.70425
0.707
0.701
0.71475
0.67575
0.727
0.7405
0.7175
0.71625
0.71425
0.709
0.722
0.668
0.735
0.72175
0.73
0.7225
0.747
0.71925
0.70225
0.68475
0.69525
0.7175
0.726
0.6955
0.703
0.72275
0.727
0.71975
0.712
0.73
0.71225
0.739
0.662
0.7145
0.72775
0.7145
0.73825
0.6915
45
0.7055
0.689
0.70725
0.7135
0.68775
0.6795
0.70225
0.65125
0.726
0.71625
0.70575
0.715
0.715
0.6715
0.7275
0.6805
0.71975
0.7185
0.701
0.7325
0.70425
0.709
0.6895
0.665
0.68625
0.74275
0.70725
0.70075
0.7075
0.70125
0.73225
0.73825
0.67375
0.7095
0.69975
0.7055
0.7285
0.7235
0.69475
0.75425
0.7335
0.6935
0.7205
0.73175
0.73325
0.7215
0.7235
0.732
0.7175
0.70175
0.7135
0.7295
0.721
0.6715
0.67825
0.6825
0.724
0.7145
0.71675
0.68225
0.714
0.70825
0.73325
0.72125
0.6805
0.698
0.7255
0.74575
0.71925
0.715
0.718
0.72425
0.7275
0.71
0.73525
0.7005
0.72575
0.731
0.732
0.6765
0.683
0.72875
0.732
0.69375
0.716
0.71325
0.73975
0.69575
0.73625
0.71575
0.67025
0.67175
0.7115
0.71325
0.7525
0.6935
0.724
0.692
0.74675
0.738
46
0.69175
0.7285
0.7105
0.691
0.6745
0.7195
0.717
0.69175
0.7065
0.74225
0.7275
0.693
0.705
0.735
0.73475
0.74325
0.74425
0.71125
0.65825
0.7355
0.72125
0.729
0.706
0.7065
0.741
0.7055
0.7175
0.70625
0.70325
0.7185
0.71125
0.72125
0.72325
0.75075
0.74425
0.72675
0.70675
0.703
0.74025
0.727
0.70125
0.742
0.6695
0.7015
0.715
0.7265
0.73
0.745
0.729
0.7005
0.735
0.667
0.703
0.7235
0.70075
0.711
0.704
0.69575
0.72625
0.7065
0.6735
0.73575
0.72975
0.71875
0.70325
0.72725
0.72725
0.74075
0.68175
0.70475
0.7235
0.695
0.70075
0.71475
0.709
0.72475
0.72025
0.7095
0.746
0.72525
0.74275
0.75825
0.71975
0.7135
0.74725
0.70825
0.68875
0.70725
0.7125
0.7635
0.71525
0.6975
0.7175
0.7245
0.70225
0.7185
0.70725
0.72675
0.7115
0.68725
47
0.716
0.715
0.6725
0.7295
0.69375
0.6975
0.6915
0.7045
0.6885
0.71025
0.707
0.717
0.73125
0.73125
0.724
0.69375
0.7035
0.7215
0.7165
0.72875
0.7475
0.753
0.72075
0.7135
0.70925
0.71275
0.695
0.72925
0.7275
0.7435
0.7565
0.72475
0.67875
0.7295
0.736
0.70375
0.72725
0.72975
0.70675
0.7
0.714
0.6845
0.74525
0.72
0.707
0.7115
0.75875
0.74875
0.68375
0.71925
0.70725
0.72625
0.742
0.69975
0.7395
0.74725
0.732
0.72475
0.73875
0.735
0.723
0.726
0.73375
0.737
0.74075
0.6935
0.741
0.7075
0.704
0.68125
0.7455
0.70925
0.735
0.66575
0.69725
0.73975
0.721
0.71175
0.67475
0.7295
0.734
0.683
0.64175
0.72175
0.706
0.699
0.70775
0.746
0.7235
0.72925
0.74875
0.72575
0.6875
0.73675
0.6785
0.72425
0.7
0.728
0.671
0.70825
48
0.7145
0.7015
0.725
0.69875
0.72975
0.73975
0.6935
0.75125
0.69225
0.7035
0.7455
0.7185
0.67575
0.74025
0.7045
0.71625
0.736
0.75825
0.72325
0.72375
0.76
0.745
0.702
0.689
0.7375
0.7025
0.73375
0.72625
0.797
0.7215
0.73025
0.703
0.729
0.7145
0.71425
0.726
0.744
0.7295
0.716
0.74175
0.7145
0.70975
0.69525
0.745
0.6795
0.7135
0.71
0.7205
0.74325
0.73025
0.73425
0.75325
0.69675
0.701
0.727
0.745
0.71175
0.7215
0.695
0.74725
0.6935
0.707
0.69875
0.685
0.6855
0.75425
0.74125
0.75675
0.73075
0.71975
0.69425
0.70575
0.678
0.69525
0.7295
0.72375
0.68075
0.732
0.6885
0.7655
0.7345
0.69725
0.743
0.74975
0.7495
0.695
0.71475
0.698
0.716
0.70275
0.70975
0.751
0.702
0.7195
0.711
0.74725
0.718
0.70525
0.69175
0.7365
49
0.73775
0.745
0.71675
0.7405
0.73875
0.74275
0.679
0.71375
0.727
0.68975
0.74
0.708
0.702
0.758
0.712
0.77175
0.72925
0.74025
0.724
0.706
0.69275
0.68725
0.70525
0.70975
0.75725
0.75525
0.76375
0.76275
0.74525
0.7155
0.684
0.75625
0.74775
0.734
0.721
0.72525
0.733
0.727
0.7255
0.73
0.75025
0.72375
0.727
0.7395
0.727
0.729
0.70375
0.72425
0.756
0.6825
0.707
0.74675
0.74975
0.661
0.74175
0.75625
0.74775
0.7225
0.744
0.69675
0.72
0.7335
0.71625
0.7295
0.75425
0.72175
0.69325
0.7325
0.75225
0.7415
0.7595
0.74075
0.722
0.704
0.70925
0.73775
0.70225
0.71275
0.76075
0.7475
0.7475
0.734
0.74525
0.72675
0.752
0.731
0.741
0.72725
0.74275
0.70475
0.74725
0.7195
0.753
0.72625
0.7185
0.74925
0.74125
0.70475
0.74325
0.7175
50
0.721
0.72875
0.73575
0.71925
0.76275
0.732
0.715
0.768
0.69
0.71675
0.754
0.74
0.72625
0.7435
0.72375
0.7545
0.7285
0.73125
0.7305
0.736
0.7465
0.73325
0.761
0.732
0.71675
0.697
0.73375
0.714
0.73075
0.757
0.71975
0.768
0.71125
0.7185
0.71875
0.71775
0.717
0.702
0.7205
0.697
0.71775
0.706
0.75475
0.731
0.73825
0.72675
0.73325
0.72925
0.70575
0.74175
0.723
0.7255
0.7305
0.72925
0.702
0.7395
0.72625
0.7755
0.75125
0.74025
0.75125
0.7265
0.73375
0.68425
0.7325
0.723
0.74725
0.756
0.7295
0.7045
0.71325
0.70625
0.7785
0.73175
0.71725
0.71525
0.725
0.7375
0.738
0.711
0.695
0.73425
0.7325
0.74575
0.75625
0.7245
0.70325
0.7375
0.78425
0.72475
0.75475
0.722
0.72125
0.72975
0.723
0.73575
0.74675
0.71925
0.76925
0.73325
1
0.291875
0.252325
0.281075
0.308125
0.325325
0.348
0.361675
