1.744186046511627952e-01 5.572549789761743755e-01 7.317744463243738839e-02 7.350582739198720239e-02 7.360921040303410046e-02 7.314528300756766022e-02 7.312062915322764534e-02 7.337121198403623312e-02 7.322356100431658132e-02 7.377185094833095536e-02 3.795103824613421106e-01 5.447132754044025083e-01 5.441003888060882421e-01 4.897349292680138189e-01 5.474816131041582157e-01 5.040587309372328573e-01 5.477581184235981171e-01 4.949869026002275407e-01 1.316100000000000048e-01 3.210640000000000160e-01 4.878120000000000234e-01 7.289619999999999989e-01 1.139290999999999832e+00 1.919780999999999960e+00 2.500000000000000000e-01
4.302325581395348708e-01 2.986832138062546438e+00 3.013959816015468474e-01 3.198705092069202283e-01 3.199284917169252229e-01 2.925408481296520313e-01 2.832812874398420444e-01 2.720035582331277180e-01 2.405557448142833510e-01 1.810230754376457862e-01 3.207405071770335625e-01 3.087837020202021665e-01 2.887379598617756948e-01 3.047793173843699743e-01 3.372022940988835815e-01 3.558872561403509938e-01 3.633980974658870822e-01 4.960560955165695951e-01 1.819010000000000071e-01 4.257810000000000206e-01 6.963759999999999950e-01 1.076598999999999862e+00 1.547571999999999948e+00 2.395588000000000051e+00 4.375000000000000000e-01
6.976744186046511531e-02 1.301846628571426967e+00 7.321521272550553239e-02 1.326742882624513953e-01 1.248073582456317721e-01 1.197391927155582736e-01 1.211651610167202575e-01 1.208024631217775591e-01 1.306776379232710839e-01 1.321345338333192176e-01 1.797577239766071644e-01 7.074369964912279318e-01 1.155813263157894344e-01 7.771699298245609011e-01 1.221209122807017655e-01 8.484967719298250888e-01 1.111207719298245855e-01 1.304064842105263355e-01 1.670250000000000068e-01 3.989870000000000361e-01 6.302029999999999577e-01 9.589940000000000131e-01 1.464921000000000140e+00 2.124949999999999672e+00 8.333333333333332871e-02
4.302325581395348708e-01 1.248578206315789085e+00 3.098063553122906155e-01 2.323723151329708803e-01 1.080988389353542828e-01 1.628288812490355231e-01 1.815540422212323091e-01 2.129879353053700519e-01 2.927082667920545833e-01 3.345423196112690123e-01 2.924197597840755836e-01 4.455474824561401204e-01 1.608241140350877285e-01 5.612566965944274511e-01 5.176524788441698721e-01 3.900361768421043429e-01 5.334594807017543211e-02 2.830287663157894373e-01 1.798009999999999886e-01 4.344089999999999896e-01 6.873709999999999543e-01 1.036453999999999986e+00 1.578343000000000051e+00 2.275376000000000065e+00 6.666666666666666297e-01
1.744186046511627952e-01 4.000000000000000222e-01 7.131582796844347649e-02 7.136659499979002008e-02 7.150743129586084601e-02 7.268887456729708485e-02 7.312795916868328194e-02 7.240682099254100446e-02 7.331831579937669874e-02 7.184451161111204964e-02 5.680842690058477418e-01 5.413611228070174253e-01 6.075018947368417965e-01 4.637009473684211569e-01 5.007852046783626276e-01 4.983384093567249096e-01 1.347150421052629721e+00 4.881555906432745173e-01 1.576710000000000056e-01 3.864719999999999822e-01 6.017380000000001061e-01 8.916040000000000632e-01 1.415116000000000041e+00 2.039772999999999836e+00 5.416666666666666297e-01
4.302325581395348708e-01 1.083731866484391571e+00 1.679611097261298480e-01 1.856833650622632670e-01 1.840473082928456294e-01 1.714917477397055467e-01 1.845262029689359595e-01 1.901637796988779605e-01 1.551947905897209101e-01 1.514751880657026484e-01 8.444812030075186937e-02 4.940819548872180111e-01 5.144606616541353983e-01 1.048452781954886948e-01 4.452652180451127650e-01 4.854604812030074434e-01 6.228939749373441082e-01 6.520592663476871831e-01 1.408810000000000062e-01 3.507129999999999970e-01 5.868390000000001105e-01 9.237549999999999928e-01 1.336049999999999960e+00 2.156728999999999896e+00 5.625000000000000000e-01
1.000000000000000000e+00 2.358953580551380824e+00 2.735242133853998947e-01 3.205762456105743508e-01 3.390310608661249447e-01 3.334755710293099140e-01 3.384851373379594297e-01 3.284773019120469928e-01 3.235255882427388041e-01 2.520794555723578356e-01 3.322064210526315953e-01 2.902825810526319938e-01 2.532068884210526005e-01 3.073703410526314461e-01 6.268895635087716744e-01 2.965112031578944762e-01 2.964198304093566549e-01 8.911896429239763995e-01 1.184210000000000124e-01 3.141070000000000251e-01 5.509059999999998958e-01 8.463699999999999557e-01 1.364537000000000111e+00 2.155012000000000150e+00 4.166666666666666435e-02
4.302325581395348708e-01 4.000000000000000222e-01 1.100462630992468382e-01 1.126753553142060410e-01 9.684238775416989520e-02 1.069143487977786272e-01 1.009959125022966420e-01 9.219339073594749745e-02 1.174482344085065882e-01 1.155605013298856842e-01 6.889802330827070609e-01 8.633635964912285132e-01 4.135668370927323423e-01 8.169427301587299795e-01 9.450412163742722971e-01 9.600059103313812736e-01 8.736240311890839383e-01 8.168379239766091482e-01 1.316100000000000048e-01 3.210640000000000160e-01 4.878120000000000234e-01 7.289619999999999989e-01 1.139290999999999832e+00 1.919780999999999960e+00 2.500000000000000000e-01
4.302325581395348708e-01 1.259848293035617406e+00 1.924914050072709937e-01 1.778751786413652614e-01 1.893849059776209209e-01 1.914484456257399547e-01 1.575274286546373970e-01 1.452393014934579007e-01 1.348042009992798662e-01 1.688890528166772376e-01 5.592971800269905813e-01 4.262522774628879629e-01 5.136618438403706133e-01 5.096990977443609516e-01 5.544615356573252551e-01 6.571589027113242665e-01 1.067333205741626961e-01 6.075325682083997370e-01 1.599140000000000006e-01 3.651610000000000134e-01 5.987270000000000092e-01 9.439420000000000588e-01 1.439896000000000065e+00 2.143947999999999965e+00 2.708333333333333148e-01

